10
1
2
3
4
5
6
7
8
9
10
0 52 93 27 95 64 45 64 3 89
52 0 87 45 35 60 31 26 21 43
93 87 0 8 37 25 41 92 11 76
27 45 8 0 6 35 71 22 16 68
95 35 37 6 0 28 75 86 54 90
64 60 25 35 28 0 75 75 49 52
45 31 41 71 75 75 0 60 9 14
64 26 92 22 86 75 60 0 85 8
3 21 11 16 54 49 9 85 0 68
89 43 76 68 90 52 14 8 68 0
y