15
1
2
3
4
5
6
7
8
9
10
11
12
13
14
15
0 5 112 39 89 39 34 5 133 7 51 15 117 116 37
5 0 8 146 56 53 96 85 7 148 108 9 149 139 77
112 8 0 143 22 147 82 75 90 30 97 33 134 114 109
39 146 143 0 110 1 52 68 61 105 128 78 1 58 58
89 56 22 110 0 145 11 104 74 147 37 54 61 130 149
39 53 147 1 145 0 134 47 85 44 54 64 9 100 14
34 96 82 52 11 134 0 108 106 143 116 72 47 85 112
5 85 75 68 104 47 108 0 106 81 141 42 91 7 29
133 7 90 61 74 85 106 106 0 91 147 85 38 45 74
7 148 30 105 147 44 143 81 91 0 21 135 3 38 43
51 108 97 128 37 54 116 141 147 21 0 120 20 100 60
15 9 33 78 54 64 72 42 85 135 120 0 132 85 6
117 149 134 1 61 9 47 91 38 3 20 132 0 126 131
116 139 114 58 130 100 85 7 45 38 100 85 126 0 150
37 77 109 58 149 14 112 29 74 43 60 6 131 150 0