7
1
2
3
4
5
6
7
0 48 22 53 55 53 19
48 0 11 2 12 28 51
22 11 0 65 22 68 39
53 2 65 0 68 10 69
55 12 22 68 0 63 68
53 28 68 10 63 0 66
19 51 39 69 68 66 0
y